# Created by Octave 4.4.1, Mon Jan 14 13:58:32 2019 GMT <unknown@DESKTOP-2P0JCUU>
# name: x
# type: matrix
# rows: 1
# columns: 101
 0 0.10000000000000001 0.20000000000000001 0.30000000000000004 0.40000000000000002 0.5 0.60000000000000009 0.70000000000000007 0.80000000000000004 0.90000000000000002 1 1.1000000000000001 1.2000000000000002 1.3 1.4000000000000001 1.5 1.6000000000000001 1.7000000000000002 1.8 1.9000000000000001 2 2.1000000000000001 2.2000000000000002 2.3000000000000003 2.4000000000000004 2.5 2.6000000000000001 2.7000000000000002 2.8000000000000003 2.9000000000000004 3 3.1000000000000001 3.2000000000000002 3.3000000000000003 3.4000000000000004 3.5 3.6000000000000001 3.7000000000000002 3.8000000000000003 3.9000000000000004 4 4.1000000000000005 4.2000000000000002 4.2999999999999998 4.4000000000000004 4.5 4.6000000000000005 4.7000000000000002 4.8000000000000007 4.9000000000000004 5 5.1000000000000005 5.2000000000000002 5.3000000000000007 5.4000000000000004 5.5 5.6000000000000005 5.7000000000000002 5.8000000000000007 5.9000000000000004 6 6.1000000000000005 6.2000000000000002 6.3000000000000007 6.4000000000000004 6.5 6.6000000000000005 6.7000000000000002 6.8000000000000007 6.9000000000000004 7 7.1000000000000005 7.2000000000000002 7.3000000000000007 7.4000000000000004 7.5 7.6000000000000005 7.7000000000000002 7.8000000000000007 7.9000000000000004 8 8.0999999999999996 8.2000000000000011 8.3000000000000007 8.4000000000000004 8.5 8.5999999999999996 8.7000000000000011 8.8000000000000007 8.9000000000000004 9 9.0999999999999996 9.2000000000000011 9.3000000000000007 9.4000000000000004 9.5 9.6000000000000014 9.7000000000000011 9.8000000000000007 9.9000000000000004 10


