# Created by Octave 4.4.1, Mon Jan 14 13:59:05 2019 GMT <unknown@DESKTOP-2P0JCUU>
# name: y
# type: matrix
# rows: 1
# columns: 101
 0 0.010000000000000002 0.040000000000000008 0.090000000000000024 0.16000000000000003 0.25 0.3600000000000001 0.4900000000000001 0.64000000000000012 0.81000000000000005 1 1.2100000000000002 1.4400000000000004 1.6900000000000002 1.9600000000000004 2.25 2.5600000000000005 2.8900000000000006 3.2400000000000002 3.6100000000000003 4 4.4100000000000001 4.8400000000000007 5.2900000000000009 5.7600000000000016 6.25 6.7600000000000007 7.2900000000000009 7.8400000000000016 8.4100000000000019 9 9.6100000000000012 10.240000000000002 10.890000000000002 11.560000000000002 12.25 12.960000000000001 13.690000000000001 14.440000000000001 15.210000000000003 16 16.810000000000006 17.640000000000001 18.489999999999998 19.360000000000003 20.25 21.160000000000004 22.090000000000003 23.040000000000006 24.010000000000005 25 26.010000000000005 27.040000000000003 28.090000000000007 29.160000000000004 30.25 31.360000000000007 32.490000000000002 33.640000000000008 34.810000000000002 36 37.210000000000008 38.440000000000005 39.690000000000012 40.960000000000008 42.25 43.560000000000009 44.890000000000001 46.240000000000009 47.610000000000007 49 50.410000000000011 51.840000000000003 53.290000000000013 54.760000000000005 56.25 57.760000000000005 59.290000000000006 60.840000000000011 62.410000000000004 64 65.609999999999999 67.240000000000023 68.890000000000015 70.560000000000002 72.25 73.959999999999994 75.690000000000012 77.440000000000012 79.210000000000008 81 82.809999999999988 84.640000000000015 86.490000000000009 88.360000000000014 90.25 92.160000000000025 94.090000000000018 96.04000000000002 98.010000000000005 100


